              precision    recall  f1-score   support

         3.0       0.00      0.00      0.00         1
         4.0       0.00      0.00      0.00        17
         5.0       0.64      0.67      0.65       195
         6.0       0.53      0.55      0.54       200
         7.0       0.46      0.44      0.45        61
         8.0       0.00      0.00      0.00         6

    accuracy                           0.56       480
   macro avg       0.27      0.28      0.27       480
weighted avg       0.54      0.56      0.55       480
