              precision    recall  f1-score   support

         3.0       0.00      0.00      0.00         1
         4.0       0.00      0.00      0.00        17
         5.0       0.62      0.75      0.68       195
         6.0       0.53      0.55      0.54       200
         7.0       0.42      0.26      0.32        61
         8.0       0.00      0.00      0.00         6

    accuracy                           0.56       480
   macro avg       0.26      0.26      0.26       480
weighted avg       0.53      0.56      0.54       480
