              precision    recall  f1-score   support

         3.0       0.00      0.00      0.00         1
         4.0       0.10      0.06      0.07        17
         5.0       0.67      0.64      0.66       195
         6.0       0.55      0.59      0.57       200
         7.0       0.45      0.49      0.47        61
         8.0       0.50      0.17      0.25         6

    accuracy                           0.57       480
   macro avg       0.38      0.33      0.34       480
weighted avg       0.57      0.57      0.57       480
